0	39914 525
1	39993 525
2	39985 525
3	39615 525
4	40381 525
5	40092 525
6	40752 525
7	40361 525
8	40322 525
9	40036 525
10	39801 525
11	40098 525
12	39636 525
13	40245 525
14	39785 525
15	40263 525
16	40468 525
17	40296 525
18	39940 525
19	40362 525
20	39833 525
21	40317 525
22	40697 525
23	40871 525
24	40599 525
25	41452 525
26	40963 525
27	40251 525
28	40214 525
29	40107 525
30	39881 525
31	40745 525
32	40521 525
33	40317 525
34	40282 525
35	40578 525
36	40098 525
37	40775 525
38	41023 525
39	40897 525
40	41197 525
41	41235 525
42	40916 525
43	40853 525
44	40459 525
45	40031 525
46	40260 525
47	40426 525
48	40053 525
49	39922 525
50	40721 525
51	39024 525
52	40745 525
53	39999 525
54	40404 525
55	40476 525
56	40564 525
57	40581 525
58	41264 525
59	40586 525
60	40299 525
61	40327 525
62	40588 525
63	40226 525
64	41126 525
65	40262 525
66	40059 525
67	40163 525
68	40520 525
69	40882 525
70	39356 525
71	41239 525
72	40440 525
73	40588 525
74	40503 525
75	40754 525
76	39472 525
77	39894 525
78	39656 525
79	40351 525
80	40652 525
81	41213 525
82	40423 525
83	39543 525
84	39718 525
85	40460 525
86	40295 525
87	40163 525
88	41116 525
89	41585 525
90	41425 525
91	40558 525
92	40035 525
93	39353 525
94	39808 525
95	40024 525
96	40169 525
97	40280 525
98	39918 525
99	39804 525
100	39845 525
101	39719 525
102	40111 525
103	38561 525
104	40165 525
105	40060 525
106	40359 525
107	39729 525
108	40560 525
109	40081 525
110	39416 525
111	39539 525
112	38354 525
113	38953 525
114	39429 525
115	39942 525
116	40674 525
117	39842 525
118	40253 525
119	39360 525
120	40064 525
121	40008 525
122	39814 525
123	40267 525
124	39325 525
125	39488 525
126	39822 525
127	39274 525
128	39218 525
129	38744 525
130	38664 525
131	39065 525
132	39681 525
133	39394 525
134	39251 525
135	39598 525
136	40586 525
137	40919 525
138	40971 525
139	40705 525
140	40845 525
141	39989 525
142	39184 525
143	38309 525
144	38574 525
145	38674 525
146	39445 525
147	39699 525
148	39625 525
149	39287 525
150	39129 525
151	38898 525
152	39555 525
153	39272 525
154	40003 525
155	39665 525
156	39159 525
157	39635 525
158	39219 525
159	40197 525
160	39249 525
161	39837 525
162	39601 525
163	40730 525
164	40061 525
165	39511 525
166	39868 525
167	39701 525
168	40674 525
169	40247 525
170	40929 525
171	40232 525
172	40486 525
173	39293 525
174	37950 525
175	37846 525
176	38518 525
177	38606 525
178	40313 525
179	39631 525
180	39932 525
181	39885 525
182	39838 525
183	38763 525
184	39365 525
185	39140 525
186	38977 525
187	39490 525
188	39582 525
189	39979 525
190	39315 525
191	39232 525
192	38336 525
193	38956 525
194	38994 525
195	39461 525
196	39723 525
197	39757 525
198	40258 525
199	39788 525
200	40332 525
201	40030 525
202	39941 525
203	39355 525
204	38477 525
205	38497 525
206	35294 525
207	6111 525
208	5866 525
209	13771 525
210	6696 525
211	5819 525
212	5883 525
213	5842 525
214	5737 525
215	5803 525
216	5794 525
217	5810 525
218	5834 525
219	5782 525
220	5772 525
221	5706 525
222	5786 525
223	5837 525
224	5806 525
225	5781 525
226	5905 525
227	5651 525
228	5695 525
229	5636 525
230	5648 525
231	5744 525
232	5712 525
233	5794 525
234	5779 525
235	5813 525
236	5760 525
237	5708 525
238	5909 525
239	5821 525
240	5728 525
241	5758 525
242	5904 525
243	5605 525
244	5767 525
245	5794 525
246	5766 525
247	5813 525
248	5812 525
249	5708 525
250	5772 525
251	5645 525
252	5865 525
253	5878 525
254	5667 525
255	5818 525
256	5833 525
257	5902 525
258	5754 525
259	5620 525
260	5777 525
261	5746 525
262	5776 525
263	5832 525
264	5733 525
265	5675 525
266	5721 525
267	5737 525
268	5701 525
269	5577 525
270	5839 525
271	5753 525
272	5737 525
273	5828 525
274	5786 525
275	5731 525
276	5813 525
277	5649 525
278	5734 525
279	5680 525
280	5729 525
281	5719 525
282	5837 525
283	5787 525
284	5917 525
285	5718 525
286	5821 525
287	5807 525
288	5735 525
289	5791 525
290	5854 525
291	5675 525
292	5779 525
293	5791 525
294	5740 525
295	5738 525
296	5811 525
297	5731 525
298	5841 525
299	5834 525
300	5894 525
