0000	137571 4687
0001	136893 4687
0002	135396 4687
0003	135732 4687
0004	136600 4687
0005	137993 4687
0006	137359 4687
0007	136747 4687
0008	136506 4687
0009	137159 4687
0010	138048 4687
0011	138015 4687
0012	137124 4687
0013	136899 4687
0014	137140 4687
0015	138159 4687
0016	138434 4687
0017	137688 4687
0018	137088 4687
0019	137517 4687
0020	138979 4687
0021	139424 4687
0022	138536 4687
0023	137748 4687
0024	137682 4687
0025	138692 4687
0026	140286 4687
0027	139371 4687
0028	138615 4687
0029	138458 4687
0030	138637 4687
0031	139803 4687
0032	139178 4687
0033	138719 4687
0034	138257 4687
0035	138908 4687
0036	139507 4687
0037	139859 4687
0038	139655 4687
0039	138451 4687
0040	139241 4687
0041	140286 4687
0042	140719 4687
0043	140243 4687
0044	139616 4687
0045	139266 4687
0046	140270 4687
0047	141649 4687
0048	141279 4687
0049	140205 4687
0050	139720 4687
0051	139968 4687
0052	141010 4687
0053	141016 4687
0054	140725 4687
0055	139312 4687
0056	139638 4687
0057	140807 4687
0058	141579 4687
0059	141132 4687
0060	140065 4687
0061	140207 4687
0062	140529 4687
0063	141479 4687
0064	141040 4687
0065	140558 4687
0066	140285 4687
0067	140747 4687
0068	141970 4687
0069	141773 4687
0070	141170 4687
0071	140513 4687
0072	140980 4687
0073	142386 4687
0074	142682 4687
0075	141867 4687
0076	140927 4687
0077	141388 4687
0078	142085 4687
0079	143473 4687
0080	142726 4687
0081	141417 4687
0082	141294 4687
0083	141963 4687
0084	142791 4687
0085	142726 4687
0086	142077 4687
0087	141492 4687
0088	142127 4687
0089	142839 4687
0090	142658 4687
0091	141970 4687
0092	141575 4687
0093	142263 4687
0094	142366 4687
0095	142942 4687
0096	142072 4687
0097	140780 4687
0098	140912 4687
0099	141845 4687
0100	142805 4687
0101	142544 4687
0102	141448 4687
0103	141065 4687
0104	141373 4687
0105	142657 4687
0106	142822 4687
0107	141959 4687
0108	141081 4687
0109	141127 4687
0110	142422 4687
0111	142760 4687
0112	141841 4687
0113	140684 4687
0114	140774 4687
0115	141592 4687
0116	142789 4687
0117	141892 4687
0118	141097 4687
0119	141298 4687
0120	141974 4687
0121	142625 4687
0122	142377 4687
0123	141920 4687
0124	140944 4687
0125	141203 4687
0126	142456 4687
0127	142643 4687
0128	141751 4687
0129	140399 4687
0130	140351 4687
0131	141665 4687
0132	142195 4687
0133	141544 4687
0134	140534 4687
0135	140484 4687
0136	141197 4687
0137	142285 4687
0138	142617 4687
0139	141482 4687
0140	140876 4687
0141	141447 4687
0142	142312 4687
0143	141909 4687
0144	140984 4687
0145	140408 4687
0146	141304 4687
0147	142073 4687
0148	142854 4687
0149	142320 4687
0150	140995 4687
0151	141223 4687
0152	142305 4687
0153	143116 4687
0154	142393 4687
0155	141262 4687
0156	140797 4687
0157	141143 4687
0158	142445 4687
0159	141705 4687
0160	141260 4687
0161	140658 4687
0162	141525 4687
0163	142345 4687
0164	142784 4687
0165	142139 4687
0166	141560 4687
0167	141986 4687
0168	142548 4687
0169	143165 4687
0170	143112 4687
0171	142059 4687
0172	141484 4687
0173	142401 4687
0174	142928 4687
0175	142691 4687
0176	141857 4687
0177	141360 4687
0178	141602 4687
0179	143231 4687
0180	143472 4687
0181	142634 4687
0182	141789 4687
0183	142022 4687
0184	143345 4687
0185	143759 4687
0186	143383 4687
0187	141862 4687
0188	142044 4687
0189	142754 4687
0190	143754 4687
0191	142963 4687
0192	142277 4687
0193	142031 4687
0194	142731 4687
0195	143989 4687
0196	143833 4687
0197	143002 4687
0198	142039 4687
0199	142856 4687
0200	143804 4687
0201	143820 4687
0202	143324 4687
0203	142369 4687
0204	142425 4687
0205	142826 4687
0206	143682 4687
0207	142560 4687
0208	142140 4687
0209	142299 4687
0210	142354 4687
0211	143656 4687
0212	143146 4687
0213	54744 4687
0214	9487 4687
0215	9437 4685
0216	53518 4687
0217	9445 4685
0218	9306 4687
0219	9279 4687
0220	9390 4686
0221	9463 4687
0222	9331 4687
0223	9289 4686
0224	9227 4685
0225	9244 4684
0226	9412 4687
0227	9452 4687
0228	9504 4687
0229	9379 4686
0230	9404 4687
0231	9423 4687
0232	9389 4686
0233	9364 4684
0234	9330 4684
0235	9412 4687
0236	9393 4687
0237	9403 4687
0238	9356 4687
0239	9285 4686
0240	9533 4685
0241	9410 4686
0242	9270 4686
0243	9269 4685
0244	9210 4686
0245	9384 4687
0246	9357 4687
0247	9419 4687
0248	9312 4686
0249	9357 4686
0250	9254 4686
0251	9292 4687
0252	9281 4685
0253	9402 4687
0254	9315 4686
0255	9385 4686
0256	9370 4687
0257	9606 4687
0258	9321 4687
0259	9259 4685
0260	9282 4685
0261	9352 4687
0262	9381 4687
0263	9317 4687
