0000	130540 4945
0001	131382 4945
0002	130871 4945
0003	129690 4945
0004	129757 4945
0005	130669 4945
0006	131697 4945
0007	131373 4945
0008	130138 4945
0009	130337 4945
0010	131172 4945
0011	131930 4945
0012	131569 4945
0013	130691 4945
0014	130143 4945
0015	130447 4945
0016	131391 4945
0017	131841 4945
0018	131347 4945
0019	130736 4945
0020	131136 4945
0021	132087 4945
0022	132532 4945
0023	131662 4945
0024	131298 4945
0025	131123 4945
0026	132086 4945
0027	133047 4945
0028	132763 4945
0029	132003 4945
0030	131583 4945
0031	132283 4945
0032	133713 4945
0033	133538 4945
0034	133155 4945
0035	132140 4945
0036	132278 4945
0037	133300 4945
0038	133689 4945
0039	133358 4945
0040	132890 4945
0041	132911 4945
0042	133819 4945
0043	133994 4945
0044	133797 4945
0045	133271 4945
0046	133009 4945
0047	133672 4945
0048	134834 4945
0049	134526 4945
0050	133880 4945
0051	132906 4945
0052	133746 4945
0053	134687 4945
0054	135326 4945
0055	135111 4945
0056	134590 4945
0057	134377 4945
0058	134498 4945
0059	135547 4945
0060	135242 4945
0061	134043 4945
0062	133837 4945
0063	134602 4945
0064	135288 4945
0065	134837 4945
0066	133898 4945
0067	133901 4945
0068	134621 4945
0069	135381 4945
0070	135461 4945
0071	135223 4945
0072	134457 4945
0073	134984 4945
0074	135398 4945
0075	135963 4945
0076	135246 4945
0077	134642 4945
0078	134679 4945
0079	134750 4945
0080	135845 4945
0081	135768 4945
0082	135193 4945
0083	135181 4945
0084	135960 4945
0085	136553 4945
0086	136182 4945
0087	135484 4945
0088	134541 4945
0089	134851 4945
0090	135756 4945
0091	136202 4945
0092	135837 4945
0093	134673 4945
0094	135021 4945
0095	135795 4945
0096	136920 4945
0097	136719 4945
0098	135520 4945
0099	135012 4945
0100	136093 4945
0101	137038 4945
0102	137315 4945
0103	136097 4945
0104	135452 4945
0105	136475 4945
0106	136994 4945
0107	137216 4945
0108	136616 4945
0109	135646 4945
0110	136103 4945
0111	137038 4945
0112	137707 4945
0113	136660 4945
0114	136281 4945
0115	136586 4945
0116	137725 4945
0117	138509 4945
0118	138059 4945
0119	137312 4945
0120	137377 4945
0121	138324 4945
0122	138776 4945
0123	138808 4945
0124	138468 4945
0125	137602 4945
0126	138048 4945
0127	138884 4945
0128	139141 4945
0129	138349 4945
0130	138142 4945
0131	138028 4945
0132	138547 4945
0133	139312 4945
0134	139136 4945
0135	138496 4945
0136	138576 4945
0137	139069 4945
0138	139682 4945
0139	140427 4945
0140	139893 4945
0141	138868 4945
0142	139573 4945
0143	140258 4945
0144	140678 4945
0145	140464 4945
0146	139341 4945
0147	139742 4945
0148	140398 4945
0149	141403 4945
0150	141408 4945
0151	139713 4945
0152	139486 4945
0153	140276 4945
0154	141451 4945
0155	140605 4945
0156	139553 4945
0157	139344 4945
0158	140177 4945
0159	141328 4945
0160	140858 4945
0161	140209 4945
0162	139087 4945
0163	140206 4945
0164	141115 4945
0165	141718 4945
0166	141414 4945
0167	140444 4945
0168	140440 4945
0169	140984 4945
0170	141622 4945
0171	141158 4945
0172	140520 4945
0173	140635 4945
0174	141027 4945
0175	142094 4945
0176	142327 4945
0177	140854 4945
0178	140432 4945
0179	141567 4945
0180	142598 4945
0181	142910 4945
0182	141773 4945
0183	141066 4945
0184	141847 4945
0185	142689 4945
0186	143528 4945
0187	143101 4945
0188	142010 4945
0189	142022 4945
0190	142349 4945
0191	143233 4945
0192	142863 4945
0193	142056 4945
0194	141807 4945
0195	142832 4945
0196	143461 4945
0197	143647 4945
0198	143475 4945
0199	142171 4945
0200	142789 4945
0201	144473 4945
0202	144841 4945
0203	144126 4945
0204	142944 4945
0205	143295 4945
0206	143898 4945
0207	144905 4945
0208	144188 4945
0209	143547 4945
0210	143406 4945
0211	144022 4945
0212	145351 4945
0213	145139 4945
0214	144288 4945
0215	143078 4945
0216	143961 4945
0217	145238 4945
0218	145147 4945
0219	144589 4945
0220	143679 4945
0221	143865 4945
0222	144809 4945
0223	145273 4945
0224	144216 4945
0225	143426 4945
0226	143408 4945
0227	143965 4945
0228	145353 4945
0229	144644 4945
0230	143677 4945
0231	142859 4945
0232	143863 4945
0233	144741 4945
0234	144712 4945
0235	143750 4945
0236	143444 4945
0237	143182 4945
0238	144075 4945
0239	144904 4945
0240	144126 4945
0241	143134 4945
0242	142665 4945
0243	144212 4945
0244	145070 4945
0245	144952 4945
0246	143903 4945
0247	143134 4945
0248	143529 4945
0249	145108 4945
0250	92862 4945
0251	10695 4945
0252	10372 4945
0253	29024 4945
0254	29158 4945
0255	10439 4945
0256	10183 4945
0257	10475 4945
0258	10389 4945
0259	10222 4945
0260	10268 4945
0261	10309 4945
0262	10360 4945
0263	10321 4945
