0000	90297 3811
0001	90323 3811
0002	90585 3811
0003	90756 3811
0004	90807 3811
0005	91399 3811
0006	91039 3811
0007	90872 3811
0008	90845 3811
0009	90555 3811
0010	90208 3811
0011	90503 3811
0012	90642 3811
0013	90987 3811
0014	91328 3811
0015	91748 3811
0016	91449 3811
0017	91374 3811
0018	90878 3811
0019	90204 3811
0020	90586 3811
0021	90690 3811
0022	91301 3811
0023	91247 3811
0024	91717 3811
0025	91686 3811
0026	91649 3811
0027	91500 3811
0028	91032 3811
0029	91112 3811
0030	91419 3811
0031	91664 3811
0032	92136 3811
0033	92146 3811
0034	92011 3811
0035	91780 3811
0036	91670 3811
0037	91158 3811
0038	91219 3811
0039	91502 3811
0040	91526 3811
0041	92099 3811
0042	93039 3811
0043	92358 3811
0044	92315 3811
0045	92414 3811
0046	91837 3811
0047	92118 3811
0048	91998 3811
0049	92247 3811
0050	92193 3811
0051	92701 3811
0052	92785 3811
0053	92337 3811
0054	92484 3811
0055	91942 3811
0056	91849 3811
0057	92277 3811
0058	92349 3811
0059	92785 3811
0060	93317 3811
0061	93336 3811
0062	93286 3811
0063	93166 3811
0064	92434 3811
0065	92209 3811
0066	92385 3811
0067	92507 3811
0068	92553 3811
0069	93128 3811
0070	93237 3811
0071	93132 3811
0072	93038 3811
0073	92693 3811
0074	92369 3811
0075	92658 3811
0076	92919 3811
0077	93071 3811
0078	93711 3811
0079	93563 3811
0080	93417 3811
0081	93168 3811
0082	93037 3811
0083	92400 3811
0084	92424 3811
0085	92769 3811
0086	93016 3811
0087	93267 3811
0088	93723 3811
0089	93448 3811
0090	92923 3811
0091	93118 3811
0092	92608 3811
0093	92559 3811
0094	92622 3811
0095	93099 3811
0096	93230 3811
0097	93492 3811
0098	93134 3811
0099	93055 3811
0100	92725 3811
0101	92628 3811
0102	92514 3811
0103	92735 3811
0104	93266 3811
0105	93553 3811
0106	94209 3811
0107	94135 3811
0108	93949 3811
0109	93494 3811
0110	92949 3811
0111	93017 3811
0112	93244 3811
0113	93375 3811
0114	93595 3811
0115	93971 3811
0116	94119 3811
0117	93760 3811
0118	93596 3811
0119	93468 3811
0120	93051 3811
0121	93307 3811
0122	93374 3811
0123	93808 3811
0124	93637 3811
0125	94301 3811
0126	94278 3811
0127	94113 3811
0128	93768 3811
0129	93500 3811
0130	93255 3811
0131	93460 3811
0132	93588 3811
0133	94094 3811
0134	94339 3811
0135	94209 3811
0136	94083 3811
0137	93992 3811
0138	93628 3811
0139	93302 3811
0140	93833 3811
0141	94418 3811
0142	95070 3811
0143	95262 3811
0144	94732 3811
0145	94904 3811
0146	94647 3811
0147	93799 3811
0148	93634 3811
0149	94162 3811
0150	94664 3811
0151	94776 3811
0152	94946 3811
0153	95255 3811
0154	95034 3811
0155	94785 3811
0156	94291 3811
0157	94385 3811
0158	94658 3811
0159	94815 3811
0160	94987 3811
0161	95662 3811
0162	95632 3811
0163	95233 3811
0164	94780 3811
0165	95206 3811
0166	94932 3811
0167	95166 3811
0168	95034 3811
0169	95312 3811
0170	95410 3811
0171	95577 3811
0172	95141 3811
0173	95343 3811
0174	95509 3811
0175	95044 3811
0176	95072 3811
0177	95324 3811
0178	95557 3811
0179	95579 3811
0180	95661 3811
0181	95595 3811
0182	95587 3811
0183	95580 3811
0184	95192 3811
0185	95036 3811
0186	95004 3811
0187	94978 3811
0188	95460 3811
0189	96388 3811
0190	96646 3811
0191	96281 3811
0192	95995 3811
0193	95559 3811
0194	95287 3811
0195	95539 3811
0196	95714 3811
0197	96331 3811
0198	97191 3811
0199	97114 3811
0200	96529 3811
0201	96077 3811
0202	95950 3811
0203	95906 3811
0204	96355 3811
0205	96444 3811
0206	96551 3811
0207	97002 3811
0208	97098 3811
0209	96523 3811
0210	96082 3811
0211	95633 3811
0212	95801 3811
0213	96199 3811
0214	96416 3811
0215	96724 3811
0216	97124 3811
0217	97364 3811
0218	97023 3811
0219	96519 3811
0220	96393 3811
0221	96066 3811
0222	96043 3811
0223	96245 3811
0224	96637 3811
0225	97027 3811
0226	97515 3811
0227	97060 3811
0228	79819 3811
0229	27584 3811
0230	7969 3811
0231	7917 3811
0232	51382 3811
0233	24189 3811
0234	7834 3811
0235	7803 3811
0236	7808 3811
0237	7835 3811
0238	7771 3810
0239	7778 3811
0240	7780 3811
0241	7841 3811
0242	7860 3811
0243	7746 3811
0244	7775 3811
0245	7779 3811
0246	7814 3810
0247	7864 3810
0248	7805 3811
0249	7870 3811
0250	7828 3811
0251	7770 3811
0252	7792 3811
0253	7805 3811
0254	7845 3811
0255	7813 3810
0256	7865 3811
0257	7803 3810
0258	7830 3811
0259	7835 3811
0260	7841 3811
0261	7806 3810
0262	7889 3811
0263	7853 3811
0264	7828 3811
0265	7870 3811
0266	7777 3811
0267	7773 3811
0268	7768 3808
0269	7806 3811
0270	7810 3811
0271	7797 3809
0272	7771 3811
0273	7824 3811
0274	7847 3811
0275	7842 3810
0276	7866 3811
0277	7858 3811
0278	7864 3811
0279	7914 3811
0280	7812 3811
0281	7769 3810
0282	7864 3811
0283	7771 3811
0284	7818 3811
0285	7810 3811
0286	7838 3811
0287	7848 3811
0288	7850 3811
0289	7800 3810
0290	7815 3811
0291	7823 3811
0292	7835 3811
0293	7812 3811
0294	7833 3811
0295	7828 3811
0296	7830 3811
0297	7842 3811
0298	7900 3811
0299	7861 3811
0300	7793 3811
0301	7820 3811
0302	7845 3811
0303	7838 3811
0304	7766 3810
0305	7803 3811
0306	7789 3811
0307	7860 3811
0308	7788 3810
0309	7796 3810
0310	7802 3811
0311	7834 3811
0312	7765 3810
0313	7804 3811
0314	7742 3811
0315	7861 3810
0316	7880 3811
0317	7795 3811
0318	7761 3810
0319	7820 3811
0320	7834 3811
0321	7871 3811
0322	7776 3809
0323	7811 3811
0324	7797 3810
0325	7826 3811
0326	7798 3810
0327	7845 3810
0328	7736 3810
0329	7797 3811
0330	7767 3811
0331	7815 3811
0332	7735 3809
0333	7788 3811
0334	7832 3811
0335	7849 3811
0336	7796 3811
0337	7745 3809
0338	7812 3811
0339	7787 3811
0340	7793 3811
0341	7785 3811
0342	7812 3811
0343	7740 3811
0344	7794 3811
0345	7842 3811
0346	7830 3811
0347	7869 3811
0348	7822 3810
0349	7824 3811
0350	7825 3809
0351	7804 3810
0352	7836 3811
0353	7924 3811
0354	7759 3811
0355	7804 3809
0356	7825 3811
0357	7822 3811
0358	7794 3810
0359	7847 3811
0360	7868 3811
0361	7806 3810
0362	7828 3811
0363	7788 3811
0364	7778 3811
0365	7808 3811
0366	7805 3811
0367	7811 3811
0368	7859 3811
0369	7819 3811
0370	7786 3811
0371	7806 3811
0372	7850 3810
0373	7836 3811
0374	7800 3810
0375	7776 3809
0376	7828 3811
0377	7807 3810
0378	7862 3811
0379	7814 3811
0380	7746 3811
0381	7805 3811
0382	7816 3810
0383	7768 3811
0384	7788 3810
0385	7779 3811
0386	7825 3809
0387	7795 3811
0388	7771 3811
0389	7829 3811
0390	7871 3811
0391	7823 3811
0392	7799 3811
0393	7743 3810
0394	7844 3811
0395	7723 3810
0396	7813 3811
0397	7745 3808
0398	7736 3811
0399	7754 3809
0400	7806 3810
0401	7776 3811
0402	7745 3811
0403	7759 3811
0404	7762 3811
0405	7740 3810
0406	7739 3811
0407	7735 3811
0408	7739 3811
0409	7773 3811
0410	7808 3811
0411	7774 3810
0412	7711 3810
0413	7725 3810
0414	7730 3810
0415	7754 3811
0416	7767 3811
0417	7795 3811
0418	7771 3811
0419	7807 3811
0420	7778 3810
0421	7761 3810
0422	7818 3811
0423	7782 3811
0424	7837 3810
0425	7740 3811
0426	7732 3811
0427	7737 3811
0428	7721 3810
0429	7763 3811
0430	7760 3810
0431	7763 3810
0432	7729 3809
0433	7763 3810
0434	7839 3811
0435	7732 3811
0436	7762 3811
0437	7705 3811
0438	7792 3811
0439	7724 3810
0440	7766 3809
0441	7785 3811
0442	7792 3811
0443	7763 3811
0444	7815 3811
0445	7779 3811
0446	7754 3810
0447	7727 3810
0448	7779 3811
0449	7775 3811
0450	7756 3811
0451	7756 3811
0452	7777 3811
0453	7771 3811
0454	7749 3811
0455	7797 3811
0456	7819 3810
0457	7813 3811
0458	7735 3811
0459	7745 3811
