0000	90712 3871
0001	90618 3871
0002	90145 3871
0003	90492 3871
0004	90547 3871
0005	90782 3871
0006	90885 3871
0007	91306 3871
0008	91151 3871
0009	90941 3871
0010	90540 3871
0011	90299 3871
0012	90105 3871
0013	90362 3871
0014	90468 3871
0015	90747 3871
0016	91272 3871
0017	91021 3871
0018	90940 3871
0019	90661 3871
0020	90505 3871
0021	90156 3871
0022	90746 3871
0023	90977 3871
0024	91219 3871
0025	91929 3871
0026	91380 3871
0027	90865 3871
0028	91020 3871
0029	90662 3871
0030	90404 3871
0031	90751 3871
0032	90958 3871
0033	91212 3871
0034	91633 3871
0035	91494 3871
0036	91159 3871
0037	91158 3871
0038	90913 3871
0039	90640 3871
0040	90992 3871
0041	91186 3871
0042	91232 3871
0043	91638 3871
0044	91463 3871
0045	91598 3871
0046	91322 3871
0047	91119 3871
0048	90619 3871
0049	91211 3871
0050	91289 3871
0051	91422 3871
0052	91975 3871
0053	91825 3871
0054	91686 3871
0055	91413 3871
0056	91501 3871
0057	91067 3871
0058	91143 3871
0059	91432 3871
0060	91686 3871
0061	91863 3871
0062	92145 3871
0063	91525 3871
0064	91688 3871
0065	91437 3871
0066	91518 3871
0067	91648 3871
0068	91875 3871
0069	91976 3871
0070	91991 3871
0071	92274 3871
0072	92166 3871
0073	91657 3871
0074	91596 3871
0075	91640 3871
0076	91080 3871
0077	91371 3871
0078	91420 3871
0079	91575 3871
0080	91805 3871
0081	92251 3871
0082	92082 3871
0083	92190 3871
0084	91905 3871
0085	91608 3871
0086	91678 3871
0087	92113 3871
0088	92158 3871
0089	92682 3871
0090	92766 3871
0091	92176 3871
0092	92188 3871
0093	91540 3871
0094	91492 3871
0095	91498 3871
0096	91531 3871
0097	91832 3871
0098	92708 3871
0099	92791 3871
0100	92729 3871
0101	92447 3871
0102	92298 3871
0103	91680 3871
0104	91578 3871
0105	92120 3871
0106	92320 3871
0107	92477 3871
0108	92725 3871
0109	92459 3871
0110	92310 3871
0111	91964 3871
0112	92019 3871
0113	91862 3871
0114	91964 3871
0115	92208 3871
0116	92800 3871
0117	92898 3871
0118	92662 3871
0119	92873 3871
0120	92415 3871
0121	91882 3871
0122	91671 3871
0123	92160 3871
0124	92223 3871
0125	92490 3871
0126	92766 3871
0127	92720 3871
0128	92378 3871
0129	92246 3871
0130	92101 3871
0131	91767 3871
0132	91970 3871
0133	92198 3871
0134	92452 3871
0135	92424 3871
0136	92634 3871
0137	92364 3871
0138	91981 3871
0139	91806 3871
0140	91488 3871
0141	91835 3871
0142	91973 3871
0143	92273 3871
0144	92342 3871
0145	92787 3871
0146	92641 3871
0147	92091 3871
0148	91896 3871
0149	91492 3871
0150	91824 3871
0151	92085 3871
0152	92251 3871
0153	92447 3871
0154	92547 3871
0155	92503 3871
0156	92375 3871
0157	92247 3871
0158	91758 3871
0159	91756 3871
0160	92153 3871
0161	92435 3871
0162	92438 3871
0163	93286 3871
0164	93114 3871
0165	92829 3871
0166	92421 3871
0167	92192 3871
0168	52342 3871
0169	11016 3871
0170	6865 3871
0171	6916 3871
0172	48847 3871
0173	22100 3871
0174	6868 3871
0175	6725 3871
0176	6860 3871
0177	6883 3871
0178	6835 3871
0179	6935 3870
0180	6869 3871
0181	6829 3871
0182	6787 3871
0183	6851 3871
0184	6774 3871
0185	6850 3871
0186	6802 3871
0187	6787 3871
0188	6845 3871
0189	6910 3871
0190	6846 3871
0191	6818 3871
0192	6853 3871
0193	6842 3871
0194	6797 3871
0195	6894 3871
0196	6914 3871
0197	6860 3871
0198	6815 3871
0199	6853 3871
0200	6822 3871
0201	6738 3870
0202	6875 3871
0203	6728 3871
0204	6864 3871
0205	6823 3870
0206	6795 3870
0207	6777 3871
0208	6911 3871
0209	6822 3871
0210	6865 3871
0211	6872 3871
0212	6834 3871
0213	6891 3871
0214	6916 3871
0215	6823 3871
0216	6824 3871
0217	6773 3871
0218	6866 3871
0219	6803 3871
0220	6799 3871
0221	6816 3871
0222	6914 3871
0223	6856 3871
0224	6841 3871
0225	6848 3871
0226	6844 3871
0227	6836 3871
0228	6861 3871
0229	6849 3871
0230	6873 3871
0231	6899 3870
0232	6948 3871
0233	6898 3870
0234	6898 3871
0235	6956 3871
0236	6830 3870
0237	6910 3871
0238	6888 3871
0239	6790 3871
0240	6764 3870
0241	6850 3871
0242	6870 3871
0243	6882 3871
0244	6840 3871
0245	6921 3871
0246	6844 3871
0247	6894 3871
0248	6803 3871
0249	6768 3871
0250	6908 3871
0251	6873 3871
0252	6850 3871
0253	6912 3871
0254	6824 3871
0255	6839 3871
0256	6919 3871
0257	6826 3871
0258	6872 3871
0259	6905 3871
0260	6803 3871
0261	6860 3871
0262	6874 3871
0263	6811 3871
0264	6862 3871
0265	6737 3871
0266	6889 3871
0267	6939 3870
0268	6832 3871
0269	6772 3870
0270	6900 3871
0271	6875 3870
0272	6788 3871
0273	6813 3871
0274	6804 3871
0275	6919 3871
0276	6997 3871
0277	6918 3871
0278	6952 3871
0279	6891 3871
0280	6820 3871
0281	6994 3871
0282	6921 3871
0283	6803 3871
0284	6841 3871
0285	6946 3871
0286	6888 3871
0287	6961 3871
0288	6753 3871
0289	6877 3871
0290	6954 3871
0291	6911 3871
0292	6918 3871
0293	6988 3871
0294	6858 3870
0295	6883 3871
0296	6908 3871
0297	6856 3871
0298	6909 3871
0299	6759 3871
0300	6849 3871
0301	6850 3871
0302	6835 3870
0303	6836 3871
0304	6890 3869
0305	6799 3871
0306	6808 3871
0307	6831 3871
0308	6836 3871
0309	6801 3871
0310	6809 3871
0311	6829 3871
0312	6888 3871
0313	6783 3871
0314	6849 3871
0315	6804 3871
0316	6827 3871
0317	6734 3871
0318	6892 3871
0319	6797 3871
0320	6886 3871
0321	6831 3871
0322	6841 3871
0323	6876 3871
0324	6752 3871
0325	6926 3871
0326	6793 3871
0327	6767 3871
0328	6810 3871
0329	6764 3871
0330	6776 3871
0331	6889 3871
0332	6829 3871
0333	6833 3871
0334	6790 3871
0335	6786 3871
0336	6852 3871
0337	6790 3871
0338	6756 3871
0339	6818 3871
0340	6804 3871
0341	6828 3871
0342	6811 3871
0343	6785 3871
0344	6773 3871
0345	6868 3871
0346	6786 3871
0347	6930 3871
0348	6826 3871
0349	6850 3871
0350	6929 3871
0351	6802 3871
0352	6935 3871
0353	6892 3871
0354	6766 3871
0355	6833 3871
0356	6870 3871
0357	6844 3870
0358	6791 3871
0359	6798 3871
0360	6854 3871
0361	6890 3871
0362	6852 3871
0363	6879 3871
0364	6872 3871
0365	6858 3871
0366	6855 3871
0367	6862 3871
0368	6864 3871
0369	6799 3871
0370	6842 3871
0371	6795 3871
0372	6875 3871
0373	6892 3871
0374	6825 3871
0375	6770 3871
0376	6848 3871
0377	6809 3871
0378	6834 3871
0379	6860 3871
0380	6889 3871
0381	6745 3871
0382	6850 3871
0383	6769 3871
0384	6807 3871
0385	6828 3871
0386	6881 3871
0387	6839 3871
0388	6835 3871
0389	6865 3871
0390	6784 3871
0391	6861 3871
0392	6801 3871
0393	6823 3871
0394	6859 3871
0395	6840 3871
0396	6908 3871
0397	6876 3871
0398	6911 3871
0399	6792 3871
0400	6923 3870
0401	6781 3871
0402	7001 3871
0403	6902 3871
0404	6906 3871
0405	6881 3871
0406	6784 3870
0407	6797 3871
0408	6855 3871
0409	6868 3871
0410	6845 3870
0411	6917 3871
0412	6859 3871
0413	6832 3871
0414	6828 3871
0415	6826 3871
0416	6778 3871
0417	6844 3871
0418	6859 3871
0419	6840 3871
0420	6875 3871
0421	6836 3871
0422	6870 3871
0423	6919 3871
0424	6820 3870
0425	6868 3871
0426	6905 3871
0427	6850 3871
0428	6883 3871
0429	6864 3871
0430	6860 3871
0431	6884 3871
0432	6806 3871
0433	6815 3871
0434	6832 3871
0435	6858 3871
0436	6826 3871
0437	6818 3871
0438	6824 3871
0439	6862 3871
0440	6881 3871
0441	6839 3871
0442	6871 3871
0443	6813 3871
0444	6806 3871
0445	6737 3870
0446	6799 3871
0447	6797 3871
0448	6826 3871
0449	6817 3871
0450	6826 3871
0451	6819 3871
0452	6825 3871
0453	6926 3870
0454	6780 3871
0455	6852 3871
0456	6790 3871
0457	6743 3871
0458	6818 3870
0459	6814 3871
