0000	93003 3145
0001	92768 3145
0002	92974 3145
0003	93445 3145
0004	93441 3145
0005	93869 3145
0006	94008 3145
0007	93504 3145
0008	93424 3145
0009	93502 3145
0010	93488 3145
0011	93541 3145
0012	93520 3145
0013	93689 3145
0014	94078 3145
0015	94439 3145
0016	94271 3145
0017	94225 3145
0018	94067 3145
0019	93560 3145
0020	93423 3145
0021	93469 3145
0022	93430 3145
0023	93802 3145
0024	94099 3145
0025	93923 3145
0026	93827 3145
0027	93924 3145
0028	93570 3145
0029	93139 3145
0030	93424 3145
0031	93636 3145
0032	94388 3145
0033	94692 3145
0034	94929 3145
0035	94403 3145
0036	94316 3145
0037	93778 3145
0038	93749 3145
0039	93951 3145
0040	94102 3145
0041	94332 3145
0042	94865 3145
0043	94894 3145
0044	94895 3145
0045	94549 3145
0046	94171 3145
0047	93870 3145
0048	94012 3145
0049	94162 3145
0050	94408 3145
0051	94971 3145
0052	94857 3145
0053	94468 3145
0054	94362 3145
0055	94250 3145
0056	94311 3145
0057	94553 3145
0058	94631 3145
0059	94981 3145
0060	95060 3145
0061	95324 3145
0062	94909 3145
0063	94976 3145
0064	95141 3145
0065	95141 3145
0066	94561 3145
0067	94921 3145
0068	94786 3145
0069	95241 3145
0070	95646 3145
0071	95932 3145
0072	95464 3145
0073	95293 3145
0074	94828 3145
0075	94835 3145
0076	94783 3145
0077	94706 3145
0078	94828 3145
0079	95323 3145
0080	95261 3145
0081	94906 3145
0082	94755 3145
0083	94609 3145
0084	94891 3145
0085	95156 3145
0086	95299 3145
0087	95665 3145
0088	95823 3145
0089	96231 3145
0090	95760 3145
0091	95844 3145
0092	95694 3145
0093	95428 3145
0094	95395 3145
0095	95354 3145
0096	95305 3145
0097	95637 3145
0098	95889 3145
0099	95509 3145
0100	95309 3145
0101	95059 3145
0102	94683 3145
0103	94790 3145
0104	95410 3145
0105	95876 3145
0106	96161 3145
0107	96467 3145
0108	96108 3145
0109	96023 3145
0110	96037 3145
0111	95879 3145
0112	95599 3145
0113	95983 3145
0114	96127 3145
0115	96106 3145
0116	96566 3145
0117	96358 3145
0118	96315 3145
0119	96267 3145
0120	96079 3145
0121	95713 3145
0122	95861 3145
0123	95914 3145
0124	95937 3145
0125	96535 3145
0126	96694 3145
0127	96388 3145
0128	96317 3145
0129	95559 3145
0130	95165 3145
0131	95401 3145
0132	95642 3145
0133	96082 3145
0134	96619 3145
0135	97370 3145
0136	96984 3145
0137	96869 3145
0138	96621 3145
0139	96110 3145
0140	96490 3145
0141	96899 3145
0142	97053 3145
0143	97433 3145
0144	97616 3145
0145	97220 3145
0146	96879 3145
0147	96633 3145
0148	96199 3145
0149	96329 3145
0150	96451 3145
0151	96482 3145
0152	96749 3145
0153	96833 3145
0154	96827 3145
0155	96505 3145
0156	96462 3145
0157	96286 3145
0158	96375 3145
0159	97060 3145
0160	97139 3145
0161	97150 3145
0162	97522 3145
0163	97747 3145
0164	97067 3145
0165	84968 3145
0166	30166 3145
0167	6869 3145
0168	6789 3145
0169	6774 3145
0170	39890 3145
0171	19444 3145
0172	6788 3144
0173	6795 3145
0174	6690 3145
0175	6675 3145
0176	6823 3145
0177	6842 3145
0178	6643 3145
0179	6647 3145
0180	6628 3145
0181	6605 3145
0182	6647 3145
0183	6622 3145
0184	6632 3145
0185	6556 3145
0186	6547 3144
0187	6734 3145
0188	6576 3145
0189	6713 3145
0190	6627 3145
0191	6654 3145
0192	6634 3145
0193	6770 3145
0194	6646 3145
0195	6599 3145
0196	6633 3145
0197	6598 3145
0198	6528 3145
0199	6629 3145
0200	6676 3145
0201	6572 3145
0202	6536 3145
0203	6521 3145
0204	6602 3145
0205	6639 3145
0206	6619 3145
0207	6666 3145
0208	6598 3145
0209	6439 3145
0210	6571 3145
0211	6684 3145
0212	6700 3145
0213	6578 3145
0214	6670 3145
0215	6721 3144
0216	6689 3145
0217	6639 3145
0218	6690 3144
0219	6713 3145
0220	6713 3145
0221	6631 3145
0222	6746 3145
0223	6783 3145
0224	6577 3145
0225	6541 3145
0226	6751 3145
0227	6703 3145
0228	6688 3145
0229	6677 3145
0230	6668 3145
0231	6641 3145
0232	6737 3145
0233	6657 3145
0234	6671 3145
0235	6641 3145
0236	6791 3145
0237	6676 3145
0238	6715 3145
0239	6794 3145
0240	6624 3145
0241	6652 3145
0242	6728 3145
0243	6829 3145
0244	6770 3145
0245	6639 3144
0246	6800 3145
0247	6726 3145
0248	6725 3145
0249	6822 3145
0250	6713 3145
0251	6619 3145
0252	6670 3145
0253	6773 3145
0254	6662 3145
0255	6745 3145
0256	6713 3145
0257	6778 3145
0258	6582 3145
0259	6742 3145
0260	6656 3145
0261	6597 3144
0262	6671 3145
0263	6697 3145
0264	6681 3145
0265	6857 3145
0266	6611 3143
0267	6762 3145
0268	6674 3145
0269	6654 3145
0270	6889 3145
0271	6583 3145
0272	6701 3145
0273	6582 3145
0274	6768 3145
0275	6616 3145
0276	6533 3145
0277	6530 3145
0278	6619 3144
0279	6573 3145
0280	6737 3145
0281	6620 3145
0282	6709 3145
0283	6743 3145
0284	6645 3145
0285	6760 3145
0286	6621 3145
0287	6618 3145
0288	6635 3145
0289	6633 3145
0290	6678 3145
0291	6575 3145
0292	6723 3145
0293	6537 3145
0294	6673 3145
0295	6610 3144
0296	6619 3145
0297	6619 3145
0298	6651 3145
0299	6565 3145
0300	6682 3145
0301	6666 3145
0302	6612 3145
0303	6611 3145
0304	6610 3143
0305	6734 3145
0306	6668 3145
0307	6744 3145
0308	6691 3145
0309	6617 3145
0310	6652 3145
0311	6657 3145
0312	6618 3145
0313	6671 3145
0314	6564 3145
0315	6570 3145
0316	6607 3145
0317	6715 3145
0318	6525 3145
0319	6686 3144
0320	6649 3145
0321	6570 3145
0322	6621 3145
0323	6658 3145
0324	6632 3145
0325	6745 3145
0326	6732 3145
0327	6707 3145
0328	6588 3145
0329	6693 3145
0330	6653 3145
0331	6624 3145
0332	6618 3145
0333	6653 3145
0334	6616 3145
0335	6690 3145
0336	6492 3145
0337	6515 3145
0338	6496 3145
0339	6504 3145
0340	6647 3144
0341	6569 3145
0342	6597 3145
0343	6525 3145
0344	6633 3145
0345	6615 3145
0346	6587 3145
0347	6681 3145
0348	6604 3145
0349	6713 3145
0350	6711 3145
0351	6697 3145
0352	6638 3145
0353	6712 3145
0354	6646 3145
0355	6768 3145
0356	6617 3145
0357	6621 3145
0358	6736 3145
0359	6677 3145
0360	6696 3145
0361	6628 3145
0362	6567 3145
0363	6685 3145
0364	6627 3145
0365	6714 3145
0366	6690 3145
0367	6609 3145
0368	6673 3145
0369	6579 3145
0370	6740 3145
0371	6678 3145
0372	6651 3145
0373	6693 3145
0374	6700 3145
0375	6745 3145
0376	6714 3145
0377	6770 3145
0378	6683 3145
0379	6756 3144
0380	6723 3145
0381	6711 3145
0382	6695 3145
0383	6682 3145
0384	6600 3145
0385	6821 3145
0386	6785 3145
0387	6561 3145
0388	6672 3144
0389	6679 3145
0390	6783 3145
0391	6758 3145
0392	6680 3145
0393	6716 3145
0394	6766 3145
0395	6642 3145
0396	6745 3145
0397	6741 3145
0398	6701 3145
0399	6871 3145
0400	6785 3145
0401	6503 3145
0402	6558 3145
0403	6589 3145
0404	6548 3145
0405	6542 3145
0406	6584 3145
0407	6624 3145
0408	6519 3145
0409	6553 3145
0410	6611 3145
0411	6607 3145
0412	6616 3145
0413	6680 3145
0414	6581 3145
0415	6705 3145
0416	6531 3145
0417	6601 3145
0418	6534 3145
0419	6506 3145
0420	6654 3145
0421	6789 3145
0422	6691 3145
0423	6608 3145
0424	6701 3144
0425	6763 3145
0426	6750 3145
0427	6770 3145
0428	6634 3145
0429	6566 3145
0430	6570 3145
0431	6589 3145
0432	6697 3145
0433	6690 3145
0434	6644 3145
0435	6588 3145
0436	6593 3145
0437	6620 3145
0438	6775 3145
0439	6759 3145
0440	6727 3145
0441	6574 3145
0442	6675 3145
0443	6702 3145
0444	6734 3145
0445	6699 3145
0446	6622 3145
0447	6714 3145
0448	6777 3145
0449	6797 3145
0450	6636 3145
0451	6605 3145
0452	6587 3143
0453	6537 3145
0454	6609 3144
0455	6671 3145
0456	6518 3145
0457	6580 3145
0458	6541 3145
0459	6550 3145
