0000	91642 3367
0001	91703 3367
0002	91189 3367
0003	90612 3367
0004	90663 3367
0005	91184 3367
0006	91317 3367
0007	92103 3367
0008	92010 3367
0009	91634 3367
0010	91526 3367
0011	91538 3367
0012	91205 3367
0013	91530 3367
0014	91878 3367
0015	92055 3367
0016	92470 3367
0017	92533 3367
0018	92110 3367
0019	91835 3367
0020	91716 3367
0021	91448 3367
0022	91939 3367
0023	91930 3367
0024	92263 3367
0025	92217 3367
0026	92693 3367
0027	92592 3367
0028	92506 3367
0029	92000 3367
0030	91586 3367
0031	92040 3367
0032	92440 3367
0033	92182 3367
0034	92562 3367
0035	92881 3367
0036	92739 3367
0037	92682 3367
0038	92460 3367
0039	92019 3367
0040	92178 3367
0041	92403 3367
0042	92477 3367
0043	92828 3367
0044	93262 3367
0045	93140 3367
0046	93073 3367
0047	92894 3367
0048	92273 3367
0049	92207 3367
0050	92383 3367
0051	92607 3367
0052	92748 3367
0053	93306 3367
0054	93498 3367
0055	93390 3367
0056	92872 3367
0057	92751 3367
0058	92338 3367
0059	92663 3367
0060	92896 3367
0061	93133 3367
0062	93565 3367
0063	93554 3367
0064	93267 3367
0065	93319 3367
0066	93244 3367
0067	92930 3367
0068	92823 3367
0069	93189 3367
0070	93124 3367
0071	93733 3367
0072	94078 3367
0073	94090 3367
0074	93979 3367
0075	93678 3367
0076	93213 3367
0077	93527 3367
0078	93948 3367
0079	93922 3367
0080	94139 3367
0081	94471 3367
0082	94268 3367
0083	94207 3367
0084	93936 3367
0085	93367 3367
0086	93227 3367
0087	93360 3367
0088	93576 3367
0089	94043 3367
0090	94448 3367
0091	94371 3367
0092	94262 3367
0093	94036 3367
0094	93970 3367
0095	93727 3367
0096	94091 3367
0097	93844 3367
0098	94323 3367
0099	94584 3367
0100	94881 3367
0101	94559 3367
0102	94573 3367
0103	93877 3367
0104	93511 3367
0105	93906 3367
0106	94089 3367
0107	94352 3367
0108	94760 3367
0109	94830 3367
0110	94635 3367
0111	94370 3367
0112	93979 3367
0113	93835 3367
0114	93999 3367
0115	94176 3367
0116	94392 3367
0117	94782 3367
0118	94779 3367
0119	94374 3367
0120	94403 3367
0121	94312 3367
0122	93946 3367
0123	93964 3367
0124	94252 3367
0125	94555 3367
0126	94639 3367
0127	95049 3367
0128	94750 3367
0129	94442 3367
0130	94227 3367
0131	94265 3367
0132	93816 3367
0133	94079 3367
0134	93979 3367
0135	94619 3367
0136	95068 3367
0137	95321 3367
0138	95026 3367
0139	94779 3367
0140	94342 3367
0141	94186 3367
0142	94394 3367
0143	94387 3367
0144	94826 3367
0145	95142 3367
0146	95066 3367
0147	94931 3367
0148	94866 3367
0149	94363 3367
0150	93995 3367
0151	94339 3367
0152	94716 3367
0153	94788 3367
0154	95237 3367
0155	95380 3367
0156	95025 3367
0157	95032 3367
0158	94588 3367
0159	94384 3367
0160	94644 3367
0161	94879 3367
0162	95008 3367
0163	95268 3367
0164	95516 3367
0165	95383 3367
0166	95049 3367
0167	95144 3367
0168	94748 3367
0169	94835 3367
0170	94865 3367
0171	47613 3367
0172	9009 3367
0173	7333 3367
0174	7329 3367
0175	7207 3367
0176	43170 3367
0177	11099 3367
0178	7195 3367
0179	7172 3367
0180	7293 3367
0181	7202 3367
0182	7156 3367
0183	7130 3367
0184	7097 3367
0185	7138 3367
0186	7250 3367
0187	7359 3367
0188	7335 3367
0189	7367 3367
0190	7240 3367
0191	7127 3367
0192	7278 3367
0193	7304 3367
0194	7285 3367
0195	7342 3367
0196	7366 3367
0197	7255 3367
0198	7210 3367
0199	7264 3367
0200	7223 3367
0201	7308 3367
0202	7149 3367
0203	7258 3367
0204	7313 3367
0205	7072 3367
0206	7117 3367
0207	7330 3367
0208	7155 3367
0209	7155 3367
0210	7171 3367
0211	7147 3367
0212	7144 3367
0213	7264 3367
0214	7303 3367
0215	7197 3367
0216	7203 3367
0217	7115 3367
0218	7187 3367
0219	7190 3367
0220	7222 3367
0221	7228 3366
0222	7247 3367
0223	7217 3367
0224	7320 3367
0225	7279 3367
0226	7190 3367
0227	7326 3367
0228	7343 3367
0229	7393 3367
0230	7202 3367
0231	7243 3367
0232	7233 3367
0233	7142 3367
0234	7091 3367
0235	7105 3367
0236	7257 3367
0237	7343 3367
0238	7284 3367
0239	7148 3366
0240	7196 3367
0241	7260 3367
0242	7234 3367
0243	7285 3367
0244	7112 3367
0245	7313 3367
0246	7246 3367
0247	7300 3367
0248	7260 3367
0249	7128 3367
0250	7193 3367
0251	7129 3367
0252	7172 3367
0253	7310 3367
0254	7186 3367
0255	7314 3366
0256	7380 3367
0257	7194 3367
0258	7324 3367
0259	7421 3367
0260	7322 3367
0261	7250 3367
0262	7260 3367
0263	7227 3367
0264	7130 3367
0265	7268 3367
0266	7233 3367
0267	7279 3367
0268	7259 3367
0269	7178 3367
0270	7222 3367
0271	7168 3367
0272	7297 3367
0273	7241 3367
0274	7235 3367
0275	7061 3367
0276	7147 3367
0277	7207 3367
0278	7249 3367
0279	7279 3367
0280	7110 3367
0281	7173 3367
0282	7237 3367
0283	7172 3367
0284	7416 3367
0285	7361 3367
0286	7297 3367
0287	7154 3367
0288	7227 3367
0289	7225 3367
0290	7267 3367
0291	7257 3367
0292	7426 3367
0293	7164 3367
0294	7303 3367
0295	7419 3367
0296	7109 3367
0297	7252 3367
0298	7271 3366
0299	7046 3367
0300	7159 3367
0301	7095 3367
0302	7137 3367
0303	7150 3367
0304	7091 3367
0305	7254 3367
0306	7122 3367
0307	7251 3367
0308	7189 3367
0309	7272 3367
0310	7253 3367
0311	7191 3367
0312	7214 3367
0313	7176 3367
0314	7170 3367
0315	7242 3367
0316	7132 3367
0317	7241 3367
0318	7147 3367
0319	7129 3367
0320	7118 3367
0321	7164 3367
0322	7233 3367
0323	7216 3367
0324	7040 3367
0325	7125 3367
0326	7233 3367
0327	7308 3367
0328	7199 3367
0329	7193 3367
0330	7218 3367
0331	7176 3367
0332	7197 3367
0333	7255 3367
0334	7241 3367
0335	7200 3367
0336	7295 3367
0337	7343 3367
0338	7287 3367
0339	7308 3367
0340	7294 3367
0341	7216 3367
0342	7141 3367
0343	7206 3367
0344	7314 3367
0345	7193 3367
0346	7144 3367
0347	7222 3367
0348	7077 3367
0349	7180 3366
0350	7194 3367
0351	7127 3367
0352	7229 3367
0353	7212 3367
0354	7107 3367
0355	7180 3367
0356	7159 3367
0357	7145 3367
0358	7060 3367
0359	7060 3367
0360	7183 3367
0361	7112 3367
0362	7078 3367
0363	7173 3367
0364	7184 3367
0365	7208 3367
0366	7285 3367
0367	7144 3367
0368	7189 3367
0369	7216 3367
0370	7246 3367
0371	7164 3367
0372	7084 3367
0373	7160 3367
0374	7187 3367
0375	7187 3367
0376	7331 3367
0377	7369 3367
0378	7233 3367
0379	7258 3367
0380	7275 3367
0381	7199 3367
0382	7004 3366
0383	7162 3366
0384	7148 3367
0385	7247 3367
0386	7294 3367
0387	7442 3367
0388	7299 3367
0389	7292 3367
0390	7350 3367
0391	7134 3367
0392	7436 3367
0393	7271 3367
0394	7225 3366
0395	7190 3367
0396	7258 3367
0397	7252 3367
0398	7330 3367
0399	7125 3367
0400	7215 3367
0401	7143 3367
0402	7373 3367
0403	7289 3367
0404	7249 3367
0405	7263 3367
0406	7247 3367
0407	7414 3367
0408	7268 3367
0409	7120 3367
0410	7173 3367
0411	7258 3367
0412	7167 3367
0413	7272 3367
0414	7121 3367
0415	7256 3367
0416	7191 3367
0417	7201 3367
0418	7236 3367
0419	7115 3367
0420	7340 3367
0421	7120 3367
0422	7182 3367
0423	7177 3367
0424	7195 3367
0425	7227 3367
0426	7127 3367
0427	7131 3367
0428	7130 3367
0429	7196 3367
0430	7067 3367
0431	7096 3367
0432	7210 3367
0433	7206 3367
0434	7226 3367
0435	7244 3367
0436	7250 3367
0437	7056 3367
0438	7027 3367
0439	7194 3367
0440	7099 3367
0441	7082 3367
0442	7237 3367
0443	7173 3367
0444	7143 3367
0445	7152 3367
0446	7128 3367
0447	7302 3367
0448	7253 3367
0449	7211 3367
0450	7339 3367
0451	7215 3367
0452	7091 3367
0453	7194 3367
0454	7134 3367
0455	7131 3366
0456	7180 3367
0457	7147 3366
0458	7067 3367
0459	7195 3367
