100	56564 1849
101	56340 1849
102	57012 1849
103	55218 1849
104	56896 1849
105	56719 1849
106	57312 1849
107	56628 1849
108	57438 1849
109	56833 1849
110	56141 1849
111	56042 1849
112	54891 1849
113	55480 1849
114	56024 1849
115	56486 1849
116	57366 1849
117	56399 1849
118	56775 1849
119	55743 1849
120	56298 1849
121	56388 1849
122	56157 1849
123	56576 1849
124	55859 1849
125	56095 1849
126	56140 1849
127	55425 1849
128	55762 1849
129	55170 1849
130	55164 1849
131	55697 1849
132	56332 1849
133	55872 1849
134	55885 1849
135	56430 1849
136	57084 1849
137	57147 1849
138	57354 1849
139	56999 1849
140	57336 1849
141	56302 1849
142	55537 1849
143	54650 1849
144	54920 1849
145	54847 1849
146	55644 1849
147	55861 1849
148	55827 1849
149	55510 1849
150	55096 1849
151	55099 1849
152	55858 1849
153	55492 1849
154	56257 1849
155	56013 1849
156	55462 1849
157	55826 1849
158	55417 1849
159	56473 1849
160	55456 1849
161	56140 1849
162	55965 1849
163	57309 1849
164	56552 1849
165	55868 1849
166	56221 1849
167	55784 1849
168	56746 1849
169	56436 1849
170	57062 1849
171	56519 1849
172	56766 1849
173	55688 1849
174	54083 1849
175	54186 1849
176	54968 1849
177	54781 1849
178	56706 1849
179	55872 1849
180	56220 1849
181	56131 1849
182	56049 1849
183	54980 1849
184	55672 1849
185	55544 1849
186	55322 1849
187	55807 1849
188	56098 1849
189	56617 1849
190	55619 1849
191	55628 1849
192	54523 1849
193	55252 1849
194	55190 1849
195	55473 1849
196	55984 1849
197	56024 1849
198	56680 1849
199	56065 1849
200	56466 1849
201	56287 1849
202	56271 1849
203	55602 1849
204	54660 1849
205	54701 1849
206	51315 1849
207	20400 1849
208	19863 1849
209	39911 1849
210	22635 1849
211	20182 1849
212	20156 1849
213	20176 1849
214	19992 1849
215	19879 1849
216	20161 1849
217	20037 1849
218	20061 1849
219	19902 1849
220	19751 1849
221	19756 1849
222	19769 1849
223	19935 1849
224	20029 1849
225	20173 1849
226	20252 1849
227	19667 1849
228	19848 1849
229	19687 1849
230	19703 1849
231	20030 1849
232	19829 1849
233	19899 1849
234	19892 1849
235	19888 1849
236	19944 1849
237	19826 1849
238	20293 1849
239	20019 1849
240	19874 1849
241	19972 1849
242	20077 1849
243	19788 1849
244	20054 1849
245	19920 1849
246	19925 1849
247	20158 1849
248	19981 1849
249	19761 1849
250	20005 1849
251	19725 1849
252	20211 1849
253	20108 1849
254	19931 1849
255	20197 1849
256	20024 1849
257	20154 1849
258	19958 1849
259	19607 1849
260	19922 1849
261	19784 1849
262	20100 1849
263	20055 1849
264	19905 1849
265	19776 1849
266	19962 1849
267	19961 1849
268	19926 1849
269	19546 1849
270	20147 1849
271	19878 1849
272	19855 1849
273	20163 1849
274	19916 1849
275	19735 1849
276	19999 1849
277	19685 1849
278	19776 1849
279	19901 1849
280	19954 1849
281	19703 1849
282	19969 1849
283	20141 1849
284	20270 1849
285	20179 1849
286	20004 1849
287	19996 1849
288	19906 1849
289	19997 1849
290	20181 1849
291	19581 1849
292	19918 1849
293	20139 1849
294	19988 1849
295	19995 1849
296	19856 1849
297	19973 1849
298	20277 1849
299	20131 1849
300	20470 1849
