100	47513 1333
101	47161 1333
102	47098 1333
103	47721 1333
104	48549 1333
105	48548 1333
106	47585 1333
107	47290 1333
108	47590 1333
109	48256 1333
110	47923 1333
111	47579 1333
112	47855 1333
113	48009 1333
114	48217 1333
115	47557 1333
116	47803 1333
117	47326 1333
118	47552 1333
119	48677 1333
120	48776 1333
121	48306 1333
122	47683 1333
123	47585 1333
124	46795 1333
125	47137 1333
126	46749 1333
127	47683 1333
128	47701 1333
129	47852 1333
130	47459 1333
131	47858 1333
132	47751 1333
133	47414 1333
134	48134 1333
135	48330 1333
136	49111 1333
137	48747 1333
138	48190 1333
139	47670 1333
140	47815 1333
141	47698 1333
142	46515 1333
143	47850 1333
144	48013 1333
145	47270 1333
146	48111 1333
147	47825 1333
148	46850 1333
149	46856 1333
150	47561 1333
151	47693 1333
152	48441 1333
153	48422 1333
154	47865 1333
155	47939 1333
156	47686 1333
157	47633 1333
158	46747 1333
159	47868 1333
160	47133 1333
161	47712 1333
162	48267 1333
163	48730 1333
164	48689 1333
165	48337 1333
166	48717 1333
167	47707 1333
168	48453 1333
169	48194 1333
170	47771 1333
171	47745 1333
172	47825 1333
173	47549 1333
174	48320 1333
175	47729 1333
176	47301 1333
177	47365 1333
178	46932 1333
179	46883 1333
180	46918 1333
181	47658 1333
182	48301 1333
183	48101 1333
184	48197 1333
185	48363 1333
186	48104 1333
187	48210 1333
188	47818 1333
189	48269 1333
190	48438 1333
191	48534 1333
192	48437 1333
193	48651 1333
194	48341 1333
195	48730 1333
196	48446 1333
197	48234 1333
198	48165 1333
199	48372 1333
200	47978 1333
201	48188 1333
202	48663 1333
203	48083 1333
204	48853 1333
205	47791 1333
206	48300 1333
207	47253 1333
208	48164 1333
209	47800 1333
210	47940 1333
211	47994 1333
212	48287 1333
213	48294 1333
214	48255 1333
215	48327 1333
216	48243 1333
217	48630 1333
218	48665 1333
219	49037 1333
220	48804 1333
221	48955 1333
222	48426 1333
223	48798 1333
224	49178 1333
225	48696 1333
226	48640 1333
227	48736 1333
228	48264 1333
229	49192 1333
230	48138 1333
231	48780 1333
232	48422 1333
233	48297 1333
234	47998 1333
235	48458 1333
236	48912 1333
237	48777 1333
238	48913 1333
239	49026 1333
240	49374 1333
241	49482 1333
242	48828 1333
243	49059 1333
244	48289 1333
245	49251 1333
246	48726 1333
247	48985 1333
248	49758 1333
249	49450 1333
250	48722 1333
251	49009 1333
252	48589 1333
253	48591 1333
254	49101 1333
255	48897 1333
256	48971 1333
257	48917 1333
258	48744 1333
259	48167 1333
260	48346 1333
261	48519 1333
262	48681 1333
263	49176 1333
264	49162 1333
265	49663 1333
266	49937 1333
267	49462 1333
268	33381 1333
269	14522 1333
270	14061 1333
271	25190 1333
272	16308 1333
273	13964 1333
274	13943 1333
275	13885 1333
276	13862 1333
277	14015 1333
278	14235 1333
279	14120 1333
280	14034 1333
281	14134 1333
282	13803 1333
283	14087 1333
284	14066 1333
285	14264 1333
286	14267 1333
287	14054 1333
288	14164 1333
289	14176 1333
290	14008 1333
291	13918 1333
292	14053 1333
293	14123 1333
294	14133 1333
295	14122 1333
296	13951 1333
297	13950 1333
298	13952 1333
299	13954 1333
300	14125 1333
