100	44548 961
101	44428 961
102	43635 961
103	43297 961
104	43770 961
105	44880 961
106	45570 961
107	45298 961
108	45895 961
109	45471 961
110	44666 961
111	44711 961
112	44142 961
113	45267 961
114	44499 961
115	45671 961
116	45470 961
117	44756 961
118	43229 961
119	42938 961
120	43367 961
121	44033 961
122	43933 961
123	44858 961
124	44658 961
125	44758 961
126	44265 961
127	44272 961
128	44095 961
129	43962 961
130	44147 961
131	44322 961
132	45102 961
133	44328 961
134	43765 961
135	43218 961
136	43831 961
137	43929 961
138	44912 961
139	45604 961
140	46131 961
141	45941 961
142	45812 961
143	44730 961
144	44962 961
145	44768 961
146	45901 961
147	45749 961
148	45390 961
149	44427 961
150	43551 961
151	43076 961
152	43876 961
153	44802 961
154	45103 961
155	45432 961
156	45305 961
157	45103 961
158	44326 961
159	45459 961
160	45456 961
161	45603 961
162	45570 961
163	45896 961
164	45578 961
165	44985 961
166	44111 961
167	44469 961
168	44380 961
169	44430 961
170	44860 961
171	44921 961
172	45709 961
173	44755 961
174	45179 961
175	44790 961
176	44428 961
177	44751 961
178	44801 961
179	43977 961
180	43802 961
181	43146 961
182	44313 961
183	44161 961
184	44702 961
185	44450 961
186	44696 961
187	44713 961
188	45159 961
189	45227 961
190	45140 961
191	45466 961
192	45396 961
193	45676 961
194	45663 961
195	44356 961
196	43694 961
197	43255 961
198	42971 961
199	43462 961
200	44396 961
201	44202 961
202	17096 961
203	10630 961
204	10529 961
205	16539 961
206	13809 961
207	10520 961
208	10462 961
209	10533 961
210	10558 961
211	10488 961
212	10604 961
213	10356 961
214	10488 961
215	10472 961
216	10347 961
217	10404 961
218	10698 961
219	10566 961
220	10568 961
221	10460 961
222	10619 961
223	10440 961
224	10520 961
225	10562 961
226	10539 961
227	10468 961
228	10393 961
229	10414 961
230	10323 961
231	10547 961
232	10485 961
233	10460 961
234	10490 961
235	10327 961
236	10517 961
237	10545 961
238	10658 961
239	10434 961
240	10614 961
241	10590 961
242	10464 961
243	10606 961
244	10485 961
245	10466 961
246	10554 961
247	10530 961
248	10598 961
249	10502 961
250	10442 961
251	10690 961
252	10542 961
253	10504 961
254	10654 961
255	10435 961
256	10585 961
257	10586 961
258	10586 961
259	10605 961
260	10455 961
261	10442 961
262	10390 961
263	10362 961
264	10553 961
265	10495 961
266	10444 961
267	10658 961
268	10383 961
269	10471 961
270	10565 961
271	10381 961
272	10466 961
273	10631 961
274	10512 961
275	10588 961
276	10617 961
277	10399 961
278	10689 961
279	10420 961
280	10375 961
281	10454 961
282	10478 961
283	10455 961
284	10498 961
285	10504 961
286	10441 961
287	10310 961
288	10519 961
289	10543 961
290	10467 961
291	10582 961
292	10439 961
293	10464 961
294	10519 961
295	10505 961
296	10419 961
297	10435 961
298	10394 961
299	10596 961
300	10523 961
