100	49241 1333
101	49656 1333
102	48859 1333
103	49754 1333
104	49111 1333
105	49233 1333
106	48476 1333
107	48897 1333
108	49686 1333
109	49786 1333
110	51405 1333
111	51219 1333
112	50643 1333
113	49565 1333
114	50058 1333
115	49388 1333
116	49175 1333
117	49739 1333
118	49022 1333
119	49377 1333
120	49461 1333
121	48664 1333
122	48864 1333
123	49146 1333
124	48800 1333
125	49946 1333
126	50543 1333
127	50375 1333
128	50320 1333
129	49450 1333
130	49716 1333
131	48905 1333
132	49595 1333
133	48984 1333
134	49975 1333
135	49416 1333
136	48846 1333
137	48893 1333
138	48693 1333
139	49095 1333
140	49720 1333
141	50329 1333
142	51149 1333
143	50299 1333
144	50786 1333
145	49313 1333
146	49140 1333
147	49376 1333
148	49228 1333
149	48731 1333
150	48954 1333
151	49300 1333
152	48963 1333
153	49245 1333
154	49513 1333
155	49150 1333
156	49780 1333
157	49666 1333
158	49804 1333
159	50358 1333
160	50579 1333
161	49747 1333
162	48704 1333
163	48961 1333
164	49808 1333
165	50752 1333
166	49820 1333
167	51027 1333
168	50361 1333
169	50171 1333
170	49440 1333
171	49666 1333
172	49447 1333
173	49784 1333
174	50445 1333
175	49933 1333
176	49594 1333
177	49596 1333
178	48980 1333
179	48883 1333
180	48704 1333
181	48604 1333
182	48747 1333
183	49019 1333
184	49657 1333
185	49777 1333
186	49709 1333
187	50220 1333
188	49065 1333
189	49508 1333
190	49898 1333
191	49638 1333
192	49958 1333
193	49825 1333
194	49567 1333
195	48895 1333
196	50231 1333
197	48721 1333
198	49993 1333
199	49035 1333
200	49599 1333
201	49267 1333
202	20790 1333
203	14739 1333
204	14818 1333
205	16521 1333
206	22524 1333
207	14585 1333
208	14498 1333
209	14625 1333
210	14567 1333
211	14642 1333
212	14467 1333
213	14525 1333
214	14539 1333
215	14455 1333
216	14467 1333
217	14417 1333
218	14768 1333
219	14501 1333
220	14820 1333
221	14604 1333
222	14548 1333
223	14494 1333
224	14399 1333
225	14686 1333
226	14327 1333
227	14612 1333
228	14767 1333
229	14415 1333
230	14540 1333
231	14681 1333
232	14656 1333
233	14472 1333
234	14725 1333
235	14519 1333
236	14381 1333
237	14296 1333
238	14424 1333
239	14330 1333
240	14526 1333
241	14469 1333
242	14440 1333
243	14351 1333
244	14402 1333
245	14540 1333
246	14396 1333
247	14617 1333
248	14591 1333
249	14600 1333
250	14494 1333
251	14259 1333
252	14464 1333
253	14413 1333
254	14338 1333
255	14582 1333
256	14470 1333
257	14436 1333
258	14619 1333
259	14299 1333
260	14522 1333
261	14446 1333
262	14417 1333
263	14586 1333
264	14642 1333
265	14433 1333
266	14626 1333
267	14587 1333
268	14460 1333
269	14492 1333
270	14535 1333
271	14683 1333
272	14424 1333
273	14663 1333
274	14825 1333
275	14659 1333
276	14647 1333
277	14723 1333
278	14444 1333
279	14527 1333
280	14665 1333
281	14482 1333
282	14618 1333
283	14752 1333
284	14454 1333
285	14415 1333
286	14733 1333
287	14407 1333
288	14734 1333
289	14156 1333
290	14573 1333
291	14490 1333
292	14637 1333
293	14475 1333
294	14553 1333
295	14405 1333
296	14454 1333
297	14550 1333
298	14458 1333
299	14649 1333
300	14213 1333
