100	51273 1333
101	51452 1333
102	50666 1333
103	51304 1333
104	51258 1333
105	50953 1333
106	50786 1333
107	49987 1333
108	50818 1333
109	51080 1333
110	51367 1333
111	51534 1333
112	51428 1333
113	51095 1333
114	51492 1333
115	51494 1333
116	50728 1333
117	50365 1333
118	51091 1333
119	51319 1333
120	51279 1333
121	51851 1333
122	51816 1333
123	50752 1333
124	50664 1333
125	50998 1333
126	51046 1333
127	51845 1333
128	52112 1333
129	51793 1333
130	51641 1333
131	51372 1333
132	50961 1333
133	50340 1333
134	50720 1333
135	51382 1333
136	52290 1333
137	52817 1333
138	52290 1333
139	52097 1333
140	50761 1333
141	50952 1333
142	51480 1333
143	51129 1333
144	51116 1333
145	50885 1333
146	51255 1333
147	51002 1333
148	50460 1333
149	51163 1333
150	50683 1333
151	51592 1333
152	51385 1333
153	51439 1333
154	51146 1333
155	51748 1333
156	51218 1333
157	51159 1333
158	51389 1333
159	51152 1333
160	50727 1333
161	50528 1333
162	50269 1333
163	50309 1333
164	50622 1333
165	50473 1333
166	50715 1333
167	50533 1333
168	51125 1333
169	50454 1333
170	50068 1333
171	50087 1333
172	49542 1333
173	50562 1333
174	50576 1333
175	50217 1333
176	51803 1333
177	51089 1333
178	51265 1333
179	50536 1333
180	50007 1333
181	49634 1333
182	50087 1333
183	50116 1333
184	50565 1333
185	51507 1333
186	51173 1333
187	49914 1333
188	50913 1333
189	49963 1333
190	50371 1333
191	50218 1333
192	50976 1333
193	50748 1333
194	50899 1333
195	50565 1333
196	49860 1333
197	49896 1333
198	50039 1333
199	50226 1333
200	50311 1333
201	51499 1333
202	51139 1333
203	51146 1333
204	50832 1333
205	50055 1333
206	50264 1333
207	50111 1333
208	50149 1333
209	50281 1333
210	50754 1333
211	50957 1333
212	50025 1333
213	50282 1333
214	49799 1333
215	49751 1333
216	50300 1333
217	51007 1333
218	50879 1333
219	50775 1333
220	50419 1333
221	50183 1333
222	50107 1333
223	49492 1333
224	21530 1333
225	14374 1333
226	14467 1333
227	14170 1333
228	19786 1333
229	16237 1333
230	14392 1333
231	14361 1333
232	14227 1333
233	14330 1333
234	14377 1333
235	14258 1333
236	14193 1333
237	14380 1333
238	14120 1333
239	14135 1333
240	14355 1333
241	14554 1333
242	14217 1333
243	14249 1333
244	14570 1333
245	14259 1333
246	14251 1333
247	14321 1333
248	14126 1333
249	14286 1333
250	14111 1333
251	14178 1333
252	14280 1333
253	14211 1333
254	14096 1333
255	14384 1333
256	14390 1333
257	14485 1333
258	14381 1333
259	14283 1333
260	14311 1333
261	14247 1333
262	14386 1333
263	14115 1333
264	14269 1333
265	14227 1333
266	13916 1333
267	14234 1333
268	14130 1333
269	14039 1333
270	14431 1333
271	14489 1333
272	14162 1333
273	14276 1333
274	14421 1333
275	14388 1333
276	14393 1333
277	14313 1333
278	14301 1333
279	14308 1333
280	14177 1333
281	14246 1333
282	14226 1333
283	14308 1333
284	14394 1333
285	14198 1333
286	14282 1333
287	14149 1333
288	14203 1333
289	14046 1333
290	14151 1333
291	14185 1333
292	14172 1333
293	14316 1333
294	14192 1333
295	14383 1333
296	14246 1333
297	14254 1333
298	14068 1333
299	14126 1333
300	14217 1333
